 FHNDLR:   Program: SHAPE, Version: LV  12 Oct 1999                  TM: 15:26
                                                                     02-Jun-26

           FOR001: kstr/fec_bcc.tfh                                            
           FOR002: shape/fec_bcc.shp                                           
           FOR006: shape/fec_bcc.prn                                           
 
       EMTO versio: 5.8.0-131-g8d353fb
 current branch on: 2021Feb26
   commit hash key: 8d353fb2f0893676813988f519aa36022cfb7912
        compile on: 2021-03-04T12:18:45
           OS info: Linux 3.10.0-1127.18.2.el7.x86_64 x86_64 GNU/Linux
          CPU-info: Intel(R) Xeon(R) CPU E5-2680 v4 @ 2.40GHz
     compiler-info: ifort (IFORT) 18.0.3 20180410
   BLAS and LAPACK: mkl
        Build Type: release

 INPUT     NSR =  129 LMAX=   30 NFI =   11 IVEF=    3

 TRNSFM:  Slope matrices, fec_bcc   , (kappa*w)^2=   0.0            02-Jun-26  

           Site number :   1

 BLATTS:   Si  =  0.250000 WSA =  0.310175 Sc  =  0.433013

           NSC =    8 NVN =    6

        1  0.00000000  0.00000000  0.50000000  0.50000000   4

          -0.25000000  0.25000000  0.25000000  0.43301270
          -0.25000000 -0.25000000  0.25000000  0.43301270
           0.25000000 -0.25000000  0.25000000  0.43301270
           0.25000000  0.25000000  0.25000000  0.43301270

        2  0.00000000  0.50000000  0.00000000  0.50000000   4

          -0.25000000  0.25000000  0.25000000  0.43301270
           0.25000000  0.25000000  0.25000000  0.43301270
           0.25000000  0.25000000 -0.25000000  0.43301270
          -0.25000000  0.25000000 -0.25000000  0.43301270

        3  0.00000000 -0.50000000  0.00000000  0.50000000   4

          -0.25000000 -0.25000000  0.25000000  0.43301270
          -0.25000000 -0.25000000 -0.25000000  0.43301270
           0.25000000 -0.25000000 -0.25000000  0.43301270
           0.25000000 -0.25000000  0.25000000  0.43301270

        4 -0.50000000  0.00000000  0.00000000  0.50000000   4

          -0.25000000  0.25000000  0.25000000  0.43301270
          -0.25000000  0.25000000 -0.25000000  0.43301270
          -0.25000000 -0.25000000 -0.25000000  0.43301270
          -0.25000000 -0.25000000  0.25000000  0.43301270

        5  0.50000000  0.00000000  0.00000000  0.50000000   4

           0.25000000  0.25000000  0.25000000  0.43301270
           0.25000000 -0.25000000  0.25000000  0.43301270
           0.25000000 -0.25000000 -0.25000000  0.43301270
           0.25000000  0.25000000 -0.25000000  0.43301270

        6  0.00000000  0.00000000 -0.50000000  0.50000000   4

          -0.25000000  0.25000000 -0.25000000  0.43301270
           0.25000000  0.25000000 -0.25000000  0.43301270
           0.25000000 -0.25000000 -0.25000000  0.43301270
          -0.25000000 -0.25000000 -0.25000000  0.43301270

           V(tetra) =  0.12500000  V(atom)  =  0.12500000

 RSORT:    Faces, edges, and vertexes as break points

 RMESH:    NINT  =           3
           RINT( 1)=  0.25000000
           RINT( 2)=  0.35355339
           RINT( 3)=  0.43301270
           NSRI( 1)=          75 DSRI( 1)=  0.00139937
           NSRI( 2)=          59 DSRI( 2)=  0.00136999
 SETROT:   Number of non equivalent tetrahedra :  1

 UPDATE:   Test convergence and store.

            l     d(l)      D(l)     %
 
            0  0.551439  0.551439  44.9
            1  0.000000  0.551439  44.9
            2  0.000000  0.551439  44.9
            3  0.000000  0.551439  44.9
            4  0.212545  0.763984  23.6
            5  0.000000  0.763984  23.6
            6  0.029543  0.793527  20.6
            7  0.000000  0.793527  20.6
            8  0.053750  0.847277  15.3
            9  0.000000  0.847277  15.3
           10  0.018778  0.866055  13.4
           11  0.000000  0.866055  13.4
           12  0.023974  0.890029  11.0
           13  0.000000  0.890029  11.0
           14  0.010242  0.900272  10.0
           15  0.000000  0.900272  10.0
           16  0.014164  0.914436   8.6
           17  0.000000  0.914436   8.6
           18  0.006325  0.920761   7.9
           19  0.000000  0.920761   7.9
           20  0.009109  0.929870   7.0
           21  0.000000  0.929870   7.0
           22  0.004514  0.934384   6.6
           23  0.000000  0.934384   6.6
           24  0.006211  0.940595   5.9
           25  0.000000  0.940595   5.9
           26  0.003399  0.943994   5.6
           27  0.000000  0.943994   5.6
           28  0.004539  0.948533   5.1
           29  0.000000  0.948533   5.1
           30  0.002636  0.951170   4.9

           Number of non-vanishing shape functions :  71

           Sigma(0,1)  =  3.544908
           Sigma(0,NSR)= -0.000000

                     Volume
           Inscribed     0.0654498469
           Integrated    0.0595501793
           Summed        0.1250000263
           Exact         0.1250000000

           Error :   0.000000 %

           Site number :   2

 BLATTS:   Si  =  0.250000 WSA =  0.310175 Sc  =  0.433013

           NSC =    8 NVN =    6

        1  0.00000000 -0.50000000  0.00000000  0.50000000   4

           0.25000000 -0.25000000  0.25000000  0.43301270
          -0.25000000 -0.25000000  0.25000000  0.43301270
          -0.25000000 -0.25000000 -0.25000000  0.43301270
           0.25000000 -0.25000000 -0.25000000  0.43301270

        2  0.00000000  0.50000000  0.00000000  0.50000000   4

           0.25000000  0.25000000  0.25000000  0.43301270
           0.25000000  0.25000000 -0.25000000  0.43301270
          -0.25000000  0.25000000 -0.25000000  0.43301270
          -0.25000000  0.25000000  0.25000000  0.43301270

        3  0.00000000  0.00000000  0.50000000  0.50000000   4

           0.25000000 -0.25000000  0.25000000  0.43301270
           0.25000000  0.25000000  0.25000000  0.43301270
          -0.25000000  0.25000000  0.25000000  0.43301270
          -0.25000000 -0.25000000  0.25000000  0.43301270

        4  0.50000000  0.00000000  0.00000000  0.50000000   4

           0.25000000 -0.25000000  0.25000000  0.43301270
           0.25000000 -0.25000000 -0.25000000  0.43301270
           0.25000000  0.25000000 -0.25000000  0.43301270
           0.25000000  0.25000000  0.25000000  0.43301270

        5 -0.50000000  0.00000000  0.00000000  0.50000000   4

          -0.25000000 -0.25000000  0.25000000  0.43301270
          -0.25000000  0.25000000  0.25000000  0.43301270
          -0.25000000  0.25000000 -0.25000000  0.43301270
          -0.25000000 -0.25000000 -0.25000000  0.43301270

        6  0.00000000  0.00000000 -0.50000000  0.50000000   4

           0.25000000 -0.25000000 -0.25000000  0.43301270
          -0.25000000 -0.25000000 -0.25000000  0.43301270
          -0.25000000  0.25000000 -0.25000000  0.43301270
           0.25000000  0.25000000 -0.25000000  0.43301270

           V(tetra) =  0.12500000  V(atom)  =  0.12500000

 RSORT:    Faces, edges, and vertexes as break points

 RMESH:    NINT  =           3
           RINT( 1)=  0.25000000
           RINT( 2)=  0.35355339
           RINT( 3)=  0.43301270
           NSRI( 1)=          75 DSRI( 1)=  0.00139937
           NSRI( 2)=          59 DSRI( 2)=  0.00136999
 SETROT:   Number of non equivalent tetrahedra :  1

 UPDATE:   Test convergence and store.

            l     d(l)      D(l)     %
 
            0  0.551439  0.551439  44.9
            1  0.000000  0.551439  44.9
            2  0.000000  0.551439  44.9
            3  0.000000  0.551439  44.9
            4  0.212545  0.763984  23.6
            5  0.000000  0.763984  23.6
            6  0.029543  0.793527  20.6
            7  0.000000  0.793527  20.6
            8  0.053750  0.847277  15.3
            9  0.000000  0.847277  15.3
           10  0.018778  0.866055  13.4
           11  0.000000  0.866055  13.4
           12  0.023974  0.890029  11.0
           13  0.000000  0.890029  11.0
           14  0.010242  0.900272  10.0
           15  0.000000  0.900272  10.0
           16  0.014164  0.914436   8.6
           17  0.000000  0.914436   8.6
           18  0.006325  0.920761   7.9
           19  0.000000  0.920761   7.9
           20  0.009109  0.929870   7.0
           21  0.000000  0.929870   7.0
           22  0.004514  0.934384   6.6
           23  0.000000  0.934384   6.6
           24  0.006211  0.940595   5.9
           25  0.000000  0.940595   5.9
           26  0.003399  0.943994   5.6
           27  0.000000  0.943994   5.6
           28  0.004539  0.948533   5.1
           29  0.000000  0.948533   5.1
           30  0.002636  0.951170   4.9

           Number of non-vanishing shape functions :  71

           Sigma(0,1)  =  3.544908
           Sigma(0,NSR)= -0.000000

                     Volume
           Inscribed     0.0654498469
           Integrated    0.0595501793
           Summed        0.1250000263
           Exact         0.1250000000

           Error :   0.000000 %

           Site number :   3

 BLATTS:   Si  =  0.250000 WSA =  0.310175 Sc  =  0.433013

           NSC =    8 NVN =    6

        1  0.00000000  0.00000000 -0.50000000  0.50000000   4

          -0.25000000  0.25000000 -0.25000000  0.43301270
           0.25000000  0.25000000 -0.25000000  0.43301270
           0.25000000 -0.25000000 -0.25000000  0.43301270
          -0.25000000 -0.25000000 -0.25000000  0.43301270

        2 -0.50000000  0.00000000  0.00000000  0.50000000   4

          -0.25000000  0.25000000 -0.25000000  0.43301270
          -0.25000000 -0.25000000 -0.25000000  0.43301270
          -0.25000000 -0.25000000  0.25000000  0.43301270
          -0.25000000  0.25000000  0.25000000  0.43301270

        3  0.00000000  0.50000000  0.00000000  0.50000000   4

          -0.25000000  0.25000000 -0.25000000  0.43301270
          -0.25000000  0.25000000  0.25000000  0.43301270
           0.25000000  0.25000000  0.25000000  0.43301270
           0.25000000  0.25000000 -0.25000000  0.43301270

        4  0.00000000  0.00000000  0.50000000  0.50000000   4

          -0.25000000  0.25000000  0.25000000  0.43301270
          -0.25000000 -0.25000000  0.25000000  0.43301270
           0.25000000 -0.25000000  0.25000000  0.43301270
           0.25000000  0.25000000  0.25000000  0.43301270

        5  0.50000000  0.00000000  0.00000000  0.50000000   4

           0.25000000  0.25000000 -0.25000000  0.43301270
           0.25000000  0.25000000  0.25000000  0.43301270
           0.25000000 -0.25000000  0.25000000  0.43301270
           0.25000000 -0.25000000 -0.25000000  0.43301270

        6  0.00000000 -0.50000000  0.00000000  0.50000000   4

          -0.25000000 -0.25000000 -0.25000000  0.43301270
           0.25000000 -0.25000000 -0.25000000  0.43301270
           0.25000000 -0.25000000  0.25000000  0.43301270
          -0.25000000 -0.25000000  0.25000000  0.43301270

           V(tetra) =  0.12500000  V(atom)  =  0.12500000

 RSORT:    Faces, edges, and vertexes as break points

 RMESH:    NINT  =           3
           RINT( 1)=  0.25000000
           RINT( 2)=  0.35355339
           RINT( 3)=  0.43301270
           NSRI( 1)=          75 DSRI( 1)=  0.00139937
           NSRI( 2)=          59 DSRI( 2)=  0.00136999
 SETROT:   Number of non equivalent tetrahedra :  1

 UPDATE:   Test convergence and store.

            l     d(l)      D(l)     %
 
            0  0.551439  0.551439  44.9
            1  0.000000  0.551439  44.9
            2  0.000000  0.551439  44.9
            3  0.000000  0.551439  44.9
            4  0.212545  0.763984  23.6
            5  0.000000  0.763984  23.6
            6  0.029543  0.793527  20.6
            7  0.000000  0.793527  20.6
            8  0.053750  0.847277  15.3
            9  0.000000  0.847277  15.3
           10  0.018778  0.866055  13.4
           11  0.000000  0.866055  13.4
           12  0.023974  0.890029  11.0
           13  0.000000  0.890029  11.0
           14  0.010242  0.900272  10.0
           15  0.000000  0.900272  10.0
           16  0.014164  0.914436   8.6
           17  0.000000  0.914436   8.6
           18  0.006325  0.920761   7.9
           19  0.000000  0.920761   7.9
           20  0.009109  0.929870   7.0
           21  0.000000  0.929870   7.0
           22  0.004514  0.934384   6.6
           23  0.000000  0.934384   6.6
           24  0.006211  0.940595   5.9
           25  0.000000  0.940595   5.9
           26  0.003399  0.943994   5.6
           27  0.000000  0.943994   5.6
           28  0.004539  0.948533   5.1
           29  0.000000  0.948533   5.1
           30  0.002636  0.951170   4.9

           Number of non-vanishing shape functions :  71

           Sigma(0,1)  =  3.544908
           Sigma(0,NSR)= -0.000000

                     Volume
           Inscribed     0.0654498469
           Integrated    0.0595501793
           Summed        0.1250000263
           Exact         0.1250000000

           Error :   0.000000 %

           Site number :   4

 BLATTS:   Si  =  0.250000 WSA =  0.310175 Sc  =  0.433013

           NSC =    8 NVN =    6

        1  0.50000000  0.00000000  0.00000000  0.50000000   4

           0.25000000  0.25000000  0.25000000  0.43301270
           0.25000000 -0.25000000  0.25000000  0.43301270
           0.25000000 -0.25000000 -0.25000000  0.43301270
           0.25000000  0.25000000 -0.25000000  0.43301270

        2  0.00000000  0.50000000  0.00000000  0.50000000   4

           0.25000000  0.25000000  0.25000000  0.43301270
           0.25000000  0.25000000 -0.25000000  0.43301270
          -0.25000000  0.25000000 -0.25000000  0.43301270
          -0.25000000  0.25000000  0.25000000  0.43301270

        3  0.00000000  0.00000000  0.50000000  0.50000000   4

           0.25000000  0.25000000  0.25000000  0.43301270
          -0.25000000  0.25000000  0.25000000  0.43301270
          -0.25000000 -0.25000000  0.25000000  0.43301270
           0.25000000 -0.25000000  0.25000000  0.43301270

        4  0.00000000 -0.50000000  0.00000000  0.50000000   4

           0.25000000 -0.25000000  0.25000000  0.43301270
          -0.25000000 -0.25000000  0.25000000  0.43301270
          -0.25000000 -0.25000000 -0.25000000  0.43301270
           0.25000000 -0.25000000 -0.25000000  0.43301270

        5 -0.50000000  0.00000000  0.00000000  0.50000000   4

          -0.25000000  0.25000000  0.25000000  0.43301270
          -0.25000000  0.25000000 -0.25000000  0.43301270
          -0.25000000 -0.25000000 -0.25000000  0.43301270
          -0.25000000 -0.25000000  0.25000000  0.43301270

        6  0.00000000  0.00000000 -0.50000000  0.50000000   4

           0.25000000  0.25000000 -0.25000000  0.43301270
           0.25000000 -0.25000000 -0.25000000  0.43301270
          -0.25000000 -0.25000000 -0.25000000  0.43301270
          -0.25000000  0.25000000 -0.25000000  0.43301270

           V(tetra) =  0.12500000  V(atom)  =  0.12500000

 RSORT:    Faces, edges, and vertexes as break points

 RMESH:    NINT  =           3
           RINT( 1)=  0.25000000
           RINT( 2)=  0.35355339
           RINT( 3)=  0.43301270
           NSRI( 1)=          75 DSRI( 1)=  0.00139937
           NSRI( 2)=          59 DSRI( 2)=  0.00136999
 SETROT:   Number of non equivalent tetrahedra :  1

 UPDATE:   Test convergence and store.

            l     d(l)      D(l)     %
 
            0  0.551439  0.551439  44.9
            1  0.000000  0.551439  44.9
            2  0.000000  0.551439  44.9
            3  0.000000  0.551439  44.9
            4  0.212545  0.763984  23.6
            5  0.000000  0.763984  23.6
            6  0.029543  0.793527  20.6
            7  0.000000  0.793527  20.6
            8  0.053750  0.847277  15.3
            9  0.000000  0.847277  15.3
           10  0.018778  0.866055  13.4
           11  0.000000  0.866055  13.4
           12  0.023974  0.890029  11.0
           13  0.000000  0.890029  11.0
           14  0.010242  0.900272  10.0
           15  0.000000  0.900272  10.0
           16  0.014164  0.914436   8.6
           17  0.000000  0.914436   8.6
           18  0.006325  0.920761   7.9
           19  0.000000  0.920761   7.9
           20  0.009109  0.929870   7.0
           21  0.000000  0.929870   7.0
           22  0.004514  0.934384   6.6
           23  0.000000  0.934384   6.6
           24  0.006211  0.940595   5.9
           25  0.000000  0.940595   5.9
           26  0.003399  0.943994   5.6
           27  0.000000  0.943994   5.6
           28  0.004539  0.948533   5.1
           29  0.000000  0.948533   5.1
           30  0.002636  0.951170   4.9

           Number of non-vanishing shape functions :  71

           Sigma(0,1)  =  3.544908
           Sigma(0,NSR)= -0.000000

                     Volume
           Inscribed     0.0654498469
           Integrated    0.0595501793
           Summed        0.1250000263
           Exact         0.1250000000

           Error :   0.000000 %
